1.000000000000000000e+02 0.000000000000000000e+00 0.000000000000000000e+00 0.000000000000000000e+00 0.000000000000000000e+00 0.000000000000000000e+00 0.000000000000000000e+00 1.000000000000000000e+02 1.000000000000000000e+02 1.000000000000000000e+02 1.000000000000000000e+02 0.000000000000000000e+00 0.000000000000000000e+00 0.000000000000000000e+00 0.000000000000000000e+00 0.000000000000000000e+00 0.000000000000000000e+00 2.941176470588235503e+01
0.000000000000000000e+00 0.000000000000000000e+00 0.000000000000000000e+00 0.000000000000000000e+00 0.000000000000000000e+00 0.000000000000000000e+00 0.000000000000000000e+00 0.000000000000000000e+00 0.000000000000000000e+00 0.000000000000000000e+00 0.000000000000000000e+00 0.000000000000000000e+00 0.000000000000000000e+00 0.000000000000000000e+00 0.000000000000000000e+00 0.000000000000000000e+00 0.000000000000000000e+00 0.000000000000000000e+00
1.000000000000000000e+02 1.000000000000000000e+02 1.000000000000000000e+02 1.000000000000000000e+02 1.000000000000000000e+02 1.000000000000000000e+02 1.000000000000000000e+02 1.000000000000000000e+02 1.000000000000000000e+02 1.000000000000000000e+02 1.000000000000000000e+02 1.000000000000000000e+02 1.000000000000000000e+02 1.000000000000000000e+02 1.000000000000000000e+02 1.000000000000000000e+02 1.000000000000000000e+02 1.000000000000000000e+02
0.000000000000000000e+00 0.000000000000000000e+00 0.000000000000000000e+00 0.000000000000000000e+00 0.000000000000000000e+00 0.000000000000000000e+00 0.000000000000000000e+00 0.000000000000000000e+00 0.000000000000000000e+00 0.000000000000000000e+00 0.000000000000000000e+00 0.000000000000000000e+00 0.000000000000000000e+00 0.000000000000000000e+00 0.000000000000000000e+00 0.000000000000000000e+00 0.000000000000000000e+00 0.000000000000000000e+00
1.000000000000000000e+02 1.000000000000000000e+02 1.000000000000000000e+02 1.000000000000000000e+02 1.000000000000000000e+02 1.000000000000000000e+02 1.000000000000000000e+02 1.000000000000000000e+02 1.000000000000000000e+02 1.000000000000000000e+02 1.000000000000000000e+02 1.000000000000000000e+02 1.000000000000000000e+02 1.000000000000000000e+02 1.000000000000000000e+02 1.000000000000000000e+02 1.000000000000000000e+02 1.000000000000000000e+02
1.000000000000000000e+02 1.000000000000000000e+02 1.000000000000000000e+02 1.000000000000000000e+02 1.000000000000000000e+02 1.000000000000000000e+02 1.000000000000000000e+02 1.000000000000000000e+02 1.000000000000000000e+02 1.000000000000000000e+02 1.000000000000000000e+02 1.000000000000000000e+02 1.000000000000000000e+02 1.000000000000000000e+02 1.000000000000000000e+02 1.000000000000000000e+02 1.000000000000000000e+02 1.000000000000000000e+02
1.000000000000000000e+02 1.000000000000000000e+02 1.000000000000000000e+02 1.000000000000000000e+02 1.000000000000000000e+02 1.000000000000000000e+02 1.000000000000000000e+02 1.000000000000000000e+02 1.000000000000000000e+02 1.000000000000000000e+02 1.000000000000000000e+02 1.000000000000000000e+02 1.000000000000000000e+02 1.000000000000000000e+02 1.000000000000000000e+02 1.000000000000000000e+02 1.000000000000000000e+02 1.000000000000000000e+02
1.000000000000000000e+02 1.000000000000000000e+02 1.000000000000000000e+02 1.000000000000000000e+02 1.000000000000000000e+02 1.000000000000000000e+02 1.000000000000000000e+02 1.000000000000000000e+02 1.000000000000000000e+02 1.000000000000000000e+02 1.000000000000000000e+02 1.000000000000000000e+02 1.000000000000000000e+02 1.000000000000000000e+02 1.000000000000000000e+02 1.000000000000000000e+02 1.000000000000000000e+02 1.000000000000000000e+02
1.000000000000000000e+02 1.000000000000000000e+02 1.000000000000000000e+02 1.000000000000000000e+02 1.000000000000000000e+02 1.000000000000000000e+02 1.000000000000000000e+02 1.000000000000000000e+02 1.000000000000000000e+02 1.000000000000000000e+02 1.000000000000000000e+02 1.000000000000000000e+02 1.000000000000000000e+02 1.000000000000000000e+02 1.000000000000000000e+02 1.000000000000000000e+02 1.000000000000000000e+02 1.000000000000000000e+02
1.000000000000000000e+02 1.000000000000000000e+02 1.000000000000000000e+02 1.000000000000000000e+02 1.000000000000000000e+02 1.000000000000000000e+02 1.000000000000000000e+02 1.000000000000000000e+02 1.000000000000000000e+02 1.000000000000000000e+02 1.000000000000000000e+02 1.000000000000000000e+02 1.000000000000000000e+02 1.000000000000000000e+02 1.000000000000000000e+02 1.000000000000000000e+02 1.000000000000000000e+02 1.000000000000000000e+02
1.000000000000000000e+02 1.000000000000000000e+02 1.000000000000000000e+02 1.000000000000000000e+02 1.000000000000000000e+02 1.000000000000000000e+02 1.000000000000000000e+02 1.000000000000000000e+02 1.000000000000000000e+02 1.000000000000000000e+02 1.000000000000000000e+02 1.000000000000000000e+02 1.000000000000000000e+02 1.000000000000000000e+02 1.000000000000000000e+02 1.000000000000000000e+02 1.000000000000000000e+02 1.000000000000000000e+02
1.000000000000000000e+02 1.000000000000000000e+02 1.000000000000000000e+02 1.000000000000000000e+02 1.000000000000000000e+02 1.000000000000000000e+02 1.000000000000000000e+02 1.000000000000000000e+02 1.000000000000000000e+02 1.000000000000000000e+02 1.000000000000000000e+02 1.000000000000000000e+02 1.000000000000000000e+02 1.000000000000000000e+02 1.000000000000000000e+02 1.000000000000000000e+02 1.000000000000000000e+02 1.000000000000000000e+02
0.000000000000000000e+00 0.000000000000000000e+00 0.000000000000000000e+00 0.000000000000000000e+00 0.000000000000000000e+00 0.000000000000000000e+00 0.000000000000000000e+00 0.000000000000000000e+00 0.000000000000000000e+00 0.000000000000000000e+00 0.000000000000000000e+00 0.000000000000000000e+00 0.000000000000000000e+00 0.000000000000000000e+00 0.000000000000000000e+00 0.000000000000000000e+00 0.000000000000000000e+00 0.000000000000000000e+00
0.000000000000000000e+00 0.000000000000000000e+00 0.000000000000000000e+00 0.000000000000000000e+00 0.000000000000000000e+00 0.000000000000000000e+00 0.000000000000000000e+00 0.000000000000000000e+00 0.000000000000000000e+00 0.000000000000000000e+00 0.000000000000000000e+00 0.000000000000000000e+00 0.000000000000000000e+00 0.000000000000000000e+00 0.000000000000000000e+00 0.000000000000000000e+00 0.000000000000000000e+00 0.000000000000000000e+00
0.000000000000000000e+00 0.000000000000000000e+00 0.000000000000000000e+00 0.000000000000000000e+00 0.000000000000000000e+00 0.000000000000000000e+00 0.000000000000000000e+00 0.000000000000000000e+00 0.000000000000000000e+00 0.000000000000000000e+00 0.000000000000000000e+00 0.000000000000000000e+00 0.000000000000000000e+00 0.000000000000000000e+00 0.000000000000000000e+00 0.000000000000000000e+00 0.000000000000000000e+00 0.000000000000000000e+00
9.996571316614419800e+01 9.994710031347962342e+01 9.994122257053291492e+01 9.994024294670846587e+01 9.994807993730407247e+01 9.994514106583072532e+01 9.994024294670846587e+01 9.995983542319748949e+01 9.995689655172414234e+01 9.995101880877741962e+01 9.995199843260188288e+01 9.994416144200627627e+01 9.993730407523511872e+01 9.993730407523511872e+01 9.994318181818181301e+01 9.994122257053291492e+01 9.993730407523511872e+01 9.994635118937857499e+01
